mean = [0.5043507218360901, 0.4657011032104492, 0.4322989583015442]
std = [0.2294867088800214, 0.21718847288284307, 0.23452360687153165]